12.12
11.76
11.73
11.46
11.32
11.25
11.11
11.04
10.98
10.98
10.88
10.81
10.53
10.40
10.20
10.14
10.11
10.00
9.94
9.89
9.86
9.78
9.76
9.76
9.76
9.70
9.68
9.68
9.65
9.65
9.65
9.63
9.55
9.52
9.50
9.50
9.50
9.45
9.42
9.42
9.40
9.38
9.38
9.38
9.38
9.35
9.35
9.28
9.28
9.25
9.23
9.23
9.23
9.21
9.21
9.14
9.11
9.11
9.09
9.07
9.02
9.02
8.98
8.96
8.96
8.96
8.93
8.93
8.93
8.91
8.91
8.91
8.87
8.87
8.87
8.85
8.85
8.82
8.82
8.82
8.80
8.78
8.78
8.78
8.78
8.76
8.76
8.76
8.76
8.76
8.74
8.74
8.74
8.72
8.70
8.70
8.70
8.70
8.67
8.67
8.67
8.67
8.67
8.67
8.65
8.65
8.65
8.65
8.63
8.61
8.61
8.59
8.59
8.57
8.57
8.55
8.55
8.55
8.53
8.51
8.49
8.49
8.49
8.49
8.49
8.49
8.49
8.49
8.47
8.47
8.47
8.47
8.45
8.45
8.43
8.43
8.41
8.41
8.39
8.37
8.37
8.35
8.35
8.35
8.35
8.33
8.33
8.33
8.31
8.31
8.31
8.29
8.29
8.29
8.29
8.29
8.28
8.28
8.26
8.26
8.26
8.24
8.24
8.24
8.24
8.24
8.22
8.22
8.22
8.20
8.20
8.20
8.20
8.18
8.18
8.18
8.18
8.18
8.16
8.16
8.16
8.16
8.16
8.14
8.14
8.14
8.14
8.14
8.14
8.14
8.13
8.13
8.13
8.11
8.11
8.11
8.11
8.11
8.11
8.11
8.11
8.09
8.09
8.09
8.09
8.09
8.09
8.09
8.09
8.09
8.07
8.07
8.05
8.05
8.04
8.04
8.04
8.04
8.04
8.02
8.02
8.02
8.02
8.00
8.00
8.00
8.00
8.00
8.00
8.00
7.98
7.98
7.98
7.98
7.98
7.98
7.98
7.96
7.96
7.96
7.96
7.96
7.95
7.95
7.95
7.95
7.93
7.93
7.93
7.93
7.91
7.91
7.91
7.91
7.91
7.91
7.91
7.89
7.89
7.88
7.88
7.88
7.88
7.88
7.88
7.88
7.88
7.88
7.86
7.86
7.86
7.86
7.86
7.86
7.84
7.84
7.84
7.84
7.84
7.84
7.84
7.84
7.83
7.83
7.83
7.83
7.83
7.83
7.83
7.83
7.83
7.83
7.83
7.83
7.83
7.81
7.81
7.81
7.81
7.81
7.79
7.79
7.79
7.79
7.79
7.79
7.79
7.79
7.79
7.78
7.78
7.78
7.78
7.76
7.76
7.76
7.76
7.76
7.74
7.74
7.74
7.74
7.73
7.73
7.73
7.73
7.73
7.73
7.73
7.73
7.71
7.71
7.71
7.71
7.71
7.71
7.71
7.69
7.68
7.68
7.68
7.68
7.68
7.68
7.68
7.68
7.66
7.66
7.66
7.66
7.66
7.66
7.66
7.66
7.66
7.66
7.66
7.64
7.64
7.64
7.64
7.64
7.64
7.64
7.64
7.64
7.63
7.63
7.63
7.61
7.61
7.61
7.61
7.61
7.61
7.61
7.59
7.59
7.59
7.59
7.59
7.58
7.58
7.58
7.58
7.58
7.58
7.58
7.58
7.56
7.56
7.56
7.56
7.56
7.56
7.56
7.56
7.56
7.56
7.56
7.56
7.56
7.55
7.55
7.55
7.55
7.55
7.55
7.55
7.53
7.53
7.53
7.53
7.53
7.52
7.52
7.52
7.52
7.52
7.52
7.52
7.52
7.52
7.50
7.50
7.50
7.50
7.50
7.50
7.50
7.50
7.48
7.48
7.48
7.48
7.48
7.48
7.48
7.47
7.47
7.47
7.47
7.47
7.47
7.47
7.47
7.47
7.45
7.45
7.44
7.44
7.44
7.42
7.42
7.42
7.42
7.42
7.42
7.42
7.41
7.41
7.41
7.41
7.41
7.41
7.41
7.39
7.39
7.39
7.39
7.39
7.38
7.38
7.38
7.38
7.38
7.38
7.36
7.36
7.36
7.36
7.36
7.36
7.36
7.36
7.36
7.36
7.36
7.36
7.35
7.35
7.35
7.33
7.33
7.33
7.32
7.32
7.32
7.32
7.32
7.32
7.32
7.32
7.32
7.32
7.32
7.30
7.30
7.30
7.30
7.30
7.29
7.29
7.29
7.29
7.29
7.29
7.29
7.29
7.29
7.27
7.27
7.27
7.27
7.27
7.27
7.27
7.26
7.26
7.26
7.26
7.24
7.24
7.24
7.24
7.23
7.23
7.23
7.23
7.23
7.23
7.23
7.21
7.21
7.21
7.21
7.21
7.21
7.20
7.20
7.20
7.20
7.20
7.20
7.20
7.20
7.20
7.20
7.20
7.19
7.19
7.19
7.19
7.19
7.19
7.19
7.19
7.17
7.17
7.17
7.16
7.16
7.16
7.16
7.16
7.16
7.14
7.14
7.14
7.14
7.14
7.13
7.13
7.13
7.11
7.11
7.11
7.11
7.11
7.10
7.10
7.10
7.10
7.10
7.10
7.10
7.10
7.09
7.09
7.09
7.09
7.09
7.09
7.09
7.07
7.07
7.07
7.07
7.07
7.07
7.07
7.07
7.07
7.07
7.07
7.07
7.06
7.06
7.06
7.06
7.06
7.06
7.05
7.05
7.05
7.05
7.05
7.05
7.05
7.03
7.03
7.03
7.02
7.02
7.00
7.00
7.00
7.00
7.00
7.00
7.00
7.00
7.00
6.99
6.99
6.99
6.99
6.99
6.98
6.98
6.98
6.98
6.98
6.98
6.96
6.96
6.96
6.96
6.96
6.96
6.95
6.95
6.95
6.95
6.95
6.95
6.95
6.95
6.95
6.95
6.95
6.95
6.95
6.94
6.94
6.94
6.94
6.94
6.94
6.94
6.92
6.92
6.92
6.92
6.92
6.91
6.91
6.91
6.91
6.91
6.90
6.90
6.90
6.90
6.90
6.90
6.90
6.90
6.90
6.88
6.88
6.88
6.88
6.88
6.88
6.88
6.88
6.87
6.87
6.87
6.86
6.86
6.86
6.86
6.86
6.86
6.86
6.84
6.84
6.84
6.84
6.84
6.84
6.84
6.84
6.84
6.84
6.83
6.83
6.83
6.83
6.83
6.83
6.83
6.83
6.83
6.82
6.82
6.82
6.82
6.81
6.81
6.81
6.81
6.81
6.81
6.79
6.79
6.79
6.79
6.79
6.79
6.79
6.79
6.79
6.78
6.78
6.78
6.78
6.78
6.78
6.78
6.77
6.77
6.77
6.77
6.77
6.77
6.77
6.77
6.77
6.75
6.75
6.75
6.75
6.75
6.74
6.74
6.74
6.74
6.74
6.74
6.73
6.73
6.73
6.73
6.73
6.73
6.72
6.72
6.72
6.72
6.72
6.72
6.70
6.70
6.70
6.70
6.70
6.70
6.70
6.70
6.70
6.70
6.70
6.70
6.70
6.70
6.70
6.70
6.69
6.69
6.69
6.69
6.69
6.69
6.68
6.68
6.68
6.68
6.68
6.68
6.68
6.68
6.68
6.68
6.68
6.67
6.67
6.67
6.67
6.67
6.67
6.67
6.67
6.67
6.67
6.67
6.65
6.65
6.65
6.65
6.65
6.64
6.64
6.64
6.64
6.64
6.63
6.63
6.63
6.62
6.62
6.61
6.61
6.61
6.61
6.61
6.61
6.59
6.59
6.59
6.59
6.59
6.59
6.59
6.59
6.59
6.59
6.58
6.58
6.58
6.58
6.58
6.58
6.58
6.57
6.57
6.57
6.57
6.57
6.57
6.57
6.57
6.57
6.56
6.56
6.56
6.56
6.56
6.56
6.56
6.56
6.56
6.55
6.55
6.55
6.55
6.55
6.55
6.55
6.55
6.53
6.53
6.53
6.53
6.53
6.53
6.53
6.53
6.53
6.52
6.52
6.52
6.52
6.52
6.52
6.52
6.52
6.52
6.52
6.52
6.51
6.51
6.51
6.51
6.51
6.51
6.51
6.51
6.51
6.51
6.51
6.50
6.50
6.50
6.49
6.49
6.49
6.49
6.47
6.47
6.47
6.47
6.47
6.47
6.46
6.46
6.46
6.46
6.46
6.46
6.46
6.46
6.46
6.46
6.45
6.45
6.45
6.45
6.45
6.45
6.45
6.44
6.44
6.44
6.44
6.44
6.44
6.44
6.44
6.44
6.44
6.44
6.43
6.43
6.43
6.43
6.43
6.43
6.42
6.42
6.42
6.42
6.42
6.39
6.39
6.39
6.39
6.39
6.39
6.39
6.38
6.38
6.38
6.38
6.38
6.38
6.38
6.38
6.38
6.38
6.38
6.37
6.37
6.37
6.37
6.37
6.37
6.37
6.36
6.36
6.36
6.36
6.36
6.36
6.36
6.35
6.35
6.35
6.35
6.35
6.35
6.35
6.35
6.35
6.35
6.35
6.35
6.35
6.34
6.34
6.34
6.33
6.33
6.33
6.33
6.33
6.33
6.33
6.33
6.32
6.32
6.32
6.32
6.32
6.32
6.32
6.30
6.30
6.30
6.30
6.30
6.30
6.30
6.30
6.30
6.30
6.30
6.30
6.29
6.29
6.29
6.29
6.29
6.29
6.29
6.28
6.28
6.28
6.28
6.28
6.28
6.28
6.28
6.27
6.27
6.27
6.27
6.27
6.27
6.27
6.26
6.26
6.26
6.26
6.26
6.26
6.26
6.26
6.25
6.25
6.25
6.25
6.25
6.25
6.24
6.24
6.24
6.24
6.24
6.24
6.24
6.23
6.23
6.23
6.23
6.23
6.23
6.22
6.22
6.22
6.22
6.21
6.21
6.21
6.21
6.21
6.21
6.21
6.21
6.20
6.20
6.20
6.20
6.20
6.19
6.19
6.19
6.19
6.19
6.17
6.17
6.17
6.16
6.16
6.16
6.16
6.16
6.16
6.16
6.16
6.16
6.15
6.15
6.15
6.15
6.15
6.15
6.15
6.15
6.14
6.14
6.13
6.13
6.13
6.13
6.13
6.13
6.13
6.13
6.12
6.12
6.12
6.12
6.12
6.11
6.11
6.11
6.11
6.11
6.11
6.11
6.11
6.10
6.10
6.09
6.09
6.09
6.09
6.09
6.09
6.09
6.08
6.08
6.08
6.08
6.08
6.08
6.08
6.07
6.07
6.07
6.07
6.07
6.07
6.06
6.06
6.06
6.06
6.06
6.06
6.05
6.05
6.05
6.05
6.05
6.05
6.04
6.04
6.04
6.04
6.04
6.04
6.04
6.04
6.03
6.03
6.03
6.03
6.03
6.03
6.03
6.02
6.02
6.02
6.02
6.00
6.00
6.00
6.00
5.99
5.98
5.98
5.98
5.98
5.98
5.98
5.98
5.98
5.98
5.98
5.98
5.97
5.97
5.96
5.96
5.96
5.96
5.96
5.95
5.95
5.95
5.95
5.95
5.95
5.95
5.94
5.94
5.94
5.94
5.94
5.94
5.93
5.93
5.93
5.93
5.93
5.93
5.93
5.92
5.92
5.92
5.92
5.92
5.91
5.91
5.91
5.91
5.89
5.89
5.89
5.89
5.88
5.88
5.87
5.87
5.87
5.87
5.86
5.86
5.85
5.85
5.84
5.84
5.83
5.83
5.83
5.83
5.82
5.82
5.82
5.82
5.82
5.82
5.82
5.81
5.81
5.81
5.81
5.80
5.80
5.80
5.80
5.80
5.80
5.79
5.79
5.78
5.78
5.78
5.77
5.77
5.77
5.77
5.77
5.76
5.76
5.75
5.75
5.75
5.75
5.75
5.74
5.74
5.74
5.74
5.74
5.74
5.74
5.73
5.73
5.73
5.72
5.72
5.71
5.71
5.71
5.71
5.71
5.71
5.71
5.71
5.71
5.70
5.70
5.70
5.70
5.70
5.70
5.70
5.70
5.70
5.70
5.70
5.69
5.69
5.69
5.69
5.68
5.68
5.68
5.68
5.68
5.68
5.67
5.67
5.67
5.67
5.66
5.65
5.64
5.64
5.63
5.63
5.63
5.62
5.62
5.62
5.62
5.62
5.62
5.62
5.61
5.61
5.60
5.60
5.60
5.59
5.59
5.59
5.58
5.58
5.58
5.58
5.58
5.58
5.57
5.57
5.57
5.57
5.57
5.56
5.56
5.56
5.56
5.56
5.56
5.56
5.55
5.55
5.55
5.55
5.55
5.55
5.55
5.54
5.54
5.54
5.54
5.54
5.54
5.53
5.53
5.53
5.52
5.52
5.51
5.50
5.50
5.50
5.49
5.49
5.47
5.46
5.46
5.46
5.46
5.46
5.45
5.45
5.45
5.45
5.45
5.45
5.45
5.45
5.45
5.45
5.44
5.44
5.44
5.43
5.43
5.41
5.41
5.41
5.41
5.41
5.40
5.40
5.40
5.39
5.39
5.39
5.39
5.38
5.38
5.37
5.36
5.36
5.35
5.35
5.33
5.33
5.32
5.31
5.30
5.30
5.29
5.29
5.29
5.29
5.29
5.29
5.29
5.29
5.29
5.28
5.28
5.26
5.26
5.26
5.26
5.26
5.26
5.26
5.26
5.26
5.24
5.23
5.22
5.22
5.22
5.22
5.22
5.22
5.21
5.21
5.21
5.20
5.20
5.19
5.19
5.19
5.19
5.17
5.17
5.16
5.16
5.14
5.14
5.14
5.12
5.12
5.08
5.08
5.07
5.07
5.06
5.06
5.06
5.06
5.03
5.03
5.03
5.03
5.02
5.01
5.01
4.99
4.99
4.99
4.98
4.97
4.97
4.97
4.93
4.91
4.89
4.88
4.88
4.88
4.85
4.85
4.83
4.83
4.83
4.81
4.78
4.77
4.77
4.74
4.73
4.72
4.72
4.71
4.63
4.55
4.55
4.55
4.50
4.47
4.27
4.19
4.13
4.12
4.09
4.05
4.04
4.03
3.38
3.28
3.28
3.23
3.06
